32 8388608 4194304 4
443394404
3439655781
442817098
443363899
3015240118
3015449697
1983681583
3015646490
1048076707
1048540112
2486109455
1983846175
3439744240
442556243
808337408
1983483567
442676906
3015100042
2485680868
490221799
2485463517
442573379
569866913
1010236407
1009857958
489728703
443482116
570234617
4048477804
2835988799
671183389
3095509390
671685876
310485375
565444618
1010178703
2835445224
490082870
565547843
3270007150
2920102328
1710486171
1710950061
3043532072
2835922893
421336042
3043985712
1333750923
3110613007
3043306223
565753295
1333673985
1333604977
1710450286
420800883
2919428171
566036065
2835635569
420786378
2835754205
421187720
420758411
4184095069
1711211532
421222235
3932424379
333404116
1422757831
421347406
2464166970
2848952820
641909411
2465076328
421357409
420569223
2464263386
3139668043
2479111082
420675897
3270080957
333403812
940997655
2479660139
2479643675
3525173983
2464889477
3880633257
3269482061
3712987977
398749460
332695615
2809262282
941069486
3880423101
399121208
2809681473
3722669862
3106009769
3525248779
332997433
3106921164
2899406503
2899407070
2899772558
354517856
382594960
355047310
3087495601
1686907298
354919334
4246943199
2809657110
766518601
767196479
4247357166
2842314773
2810047666
298635873
767323849
930226082
354983700
2841839403
354552128
1407426706
3766318697
936916016
298802892
354850448
1408201414
128468378
930203159
3224704050
128805310
3170092966
128230634
646810279
936384897
1407636422
591826767
3806966936
2298099661
3225042151
2298255064
1407530965
1269981793
3439908730
3078218341
3806768242
1270045187
3225111473
592066186
1116586614
1270291741
1269944356
1726622136
3338437086
1116304553
591418513
1091945641
4267116289
707399653
2244939008
591974892
1116693121
3128718019
907642771
2897879999
3892095017
3128104596
838641291
1333350127
2562896458
4223712709
591775872
2563236394
581589360
1332803547
711897692
3128772210
2435186794
86398462
2307103102
86490855
3128800971
2435452281
2061312827
2517232743
86858298
1583131330
3517928694
1333362509
2205883646
1485246478
1582922526
2517270420
2314375078
4170661890
2205338030
1293789279
301810496
82739254
763143653
3517738371
2112500491
301759738
3935248184
2206175036
3646859465
82044117
3517136818
1111685900
3646384036
3646565753
964926586
2205674446
965077090
2592566780
607976754
2592098878
2206179563
3517782083
3542158889
62071719
3646779962
173037841
3553899342
3517471886
964692382
1740485885
3851441735
1829949658
2785041440
1734616818
2785254289
1453145727
1830702963
2056646978
965737199
550273683
1734465830
2785772487
3852363686
1734513161
2838141346
1693988394
2057117448
1694114549
2838108024
3851465990
2744255056
2056445238
2838333158
549525848
2744557603
3227461255
2785250228
2879556353
2544253408
2543993806
2056855682
435280187
2785956522
549800879
4091188242
1278375892
1278940762
435457579
40680926
436088561
40300181
2056673467
23779504
550320400
1542394274
2057000151
2056759730
550270493
2056808974
3376300780
2055504233
1868125465
1542353701
2056430462
3050942704
3050851159
2553268361
3050320710
2100402974
2735637476
3884324839
1996461871
2387928170
3360887191
3323154787
2552262801
3323327317
1995479658
1996031202
3884613748
2553046180
3323962508
2735716195
1935669681
1092045318
2619859585
1092170683
4184780187
2553052810
3226194396
3323354641
1935205730
1773807358
209334598
2317675803
3323608619
2948146701
3225642858
3934842053
209710809
3918214265
2317805723
3323799358
209446055
2684205613
4156040945
1012473991
2318367574
2176082829
2176207730
1791319062
2317923414
3435053817
1367860809
1368269784
1012668763
1368360458
433323247
3455266656
3435117869
587458637
2318401135
2318293194
433345308
3074611694
2979817655
1559592869
587568447
1576226510
601652731
600881162
866249298
587321959
1560161320
1559789767
1576797463
1592388252
3129145693
587860366
2533977059
1592647950
899023082
427090734
898653279
2282933981
1833327813
2283530976
1576503435
4235852546
1576948564
2597098123
2583680015
999818849
2533660275
1000157141
1833100314
3189819480
3071701947
999574525
999519471
1014152018
2533585041
3071827636
3004114787
1071754591
2533554210
3072115672
1720034990
4111875972
4112146449
1720152420
900252219
1072564501
3071534526
4112395124
3423560219
3191218644
1719890102
3071807946
1719680906
3191122500
1014507838
3191695990
2665264581
3423122168
3791473472
2396060647
3791107114
2396376497
3614660959
2664587791
4047535788
4068571142
3615256271
3791135701
3422774132
2664821578
2570848408
4048130279
366806587
1719838032
2665355032
1482777976
2502077983
3791065589
1970963495
1482974740
1129925405
4155259874
536479759
536578490
332468435
3496738840
3496572458
333237931
900582250
33776165
2286828099
4154570330
3998764176
3998369135
3729022942
2160751316
4154474728
4154873374
3729351962
3728839728
333330123
3963688267
3729624881
2125602404
2125949665
536748405
2125697736
1048134309
2160434636
2618262480
660948320
1537881955
2160135960
2069893877
1537868710
2791361698
1793736563
1537398404
2792317549
1793614280
3036319882
3992161019
2069946558
1091713470
1048047955
1793311486
2321162158
3698031179
4066876514
1793459856
3992449512
3992714005
3697307602
1092491922
2949819541
1793356392
1092029720
2265611248
2319239031
2073171527
2950135241
1269135840
2318896301
2073185023
1269465173
2319269050
2950573569
1538218568
1687932058
1537720245
92997484
1687286890
1034902956
1538205283
1074067186
4274469709
4274396324
1537475143
1537612111
4261657175
4274684810
1537331305
319414922
2950340626
4274137877
2949954110
100847057
1687516049
319228261
2073799788
3369529138
2804011002
3369622471
319507561
2804532036
2064106646
2073227294
478127870
3369784019
477554507
101365318
488747203
2063702817
489363456
1687695278
1687975803
2580384278
489573075
2063959657
477528754
3711611861
100699459
1687307463
1965150484
2641324486
3269883216
101337361
3850849029
101543560
1937075658
339625646
4064075338
3850858386
1261746282
339040814
3448830289
3449656477
2640525608
1064963338
2939668133
3851365248
921441788
794078657
3449574631
794073525
2640918041
2549689370
3449230765
2640719125
101684135
2935487016
3588967784
920667594
2117571495
2549768241
2513745786
1568231154
2641026514
95298027
1712452632
3588851466
920739190
3910376214
2641017779
2389137361
1186711576
921426247
1568037554
2388708891
2640963234
1186602421
2407756852
4218758123
2408047823
878725792
879667000
2640794998
2408556247
2640732508
2640682311
4219031225
2408497929
3657758196
3910827248
1186832807
1186280698
1186961122
879346750
1568165635
3910862763
2148820570
2408378989
3994151055
878861411
878814828
3994742546
3910986646
3041039950
490713789
1858104197
1858177018
2567991409
3911131126
377839832
854657450
2707346409
2568522195
291175028
2568430391
688469063
3251745757
927242105
378211684
1858582350
102755816
1666240469
3251858191
102080278
2568877707
3252255490
2798062156
927470051
2568950743
927077182
1667012423
2001573747
2402095176
2401611337
3792044778
2401703293
1666598006
927400717
3831761836
363674020
363617579
3835990825
2380253595
363687601
927823091
73282834
439439322
3141720491
72515299
73236310
72803138
2754359888
3142372880
3255125554
2018141423
72926576
3314804394
3142374592
2592902644
1873771257
2592565835
72541545
3142015906
3142014191
1172531694
2379852666
1294966517
102229391
3314695012
1294374793
1294684203
2327023128
3141702400
340049967
481455403
101883015
102265595
3070151220
3746789178
3069769662
2192818816
3025917452
1294484455
3141710213
1172850036
1173169608
3142457955
2193539241
2192872001
1970643151
3450259237
4142765184
1661447410
2193426984
1661681994
378816395
1661790736
4142489581
1564798351
837259276
2193021239
1709708989
3234182045
379362542
1652507583
1709315298
1652197150
1709367941
2045421220
524668877
1943360047
2193409442
3234034280
525174095
525268510
3917188813
3584063376
4225580527
3014145476
1364759421
4176096278
3014452791
2193024263
1169564984
1364337235
2193459764
3562321797
524912833
3014099365
4090191152
2918989807
230982259
2192781414
2919017927
282101512
524865834
2162645864
1508950544
2193021925
2918524712
525072906
653994598
1509357132
2940780031
3186284188
605696635
3878726613
2994064210
3185611841
1590106504
1589715036
3198274591
1326553155
2994395407
2941245806
2940218830
3878757879
1292677566
2941188699
1326868539
3025306289
1585008998
1732536268
1292252355
2941198049
3161401437
3766913217
1522015049
791066435
1584931209
3285154022
3025760349
3026183368
791654037
3461186418
1326690660
2087123385
1327242858
1521819813
1584754518
3460860179
3461005155
1584530540
2282336301
2282159394
1521897643
1326873982
3025402845
3723763355
4097481332
3460935588
3724415137
3461221145
3723927577
3540559312
3390305245
3025322321
3540682955
1065245390
2087649081
2282212069
3025698424
1210025546
1064958846
3077372591
2825623134
2956057335
2825352410
1183876278
2282660169
3076981796
2087663346
843775589
1184608423
2567957324
1184888507
1184048411
2347330778
843848754
4155433748
1184391167
1398917161
2163136115
1209688826
2021792809
1209977567
4155029000
2162634951
4155487586
1398950596
2956908544
1064619978
2675817968
2658068041
1209563220
1398980704
4222281661
694582245
2675065545
2956618110
3459784015
695045073
4222393231
1583829975
1209032302
3460002396
2956602425
3167668768
3167061389
1254515799
3357889084
3428623486
2454596673
594003610
2739406090
3537263343
3108780329
2489391753
142353896
2489402556
2738904914
2490316274
2739927163
2739847702
3514699093
111236275
4010133418
3513966253
3613535310
111654938
904135909
3653508766
3514649685
3513946527
3727788827
3675615119
3614170567
3514312367
111419322
3614164135
2640670839
3356612079
831067666
3069312443
3614067313
3357393562
111425340
3284536596
3337641158
111943723
3493734268
3069491528
2583300043
469045908
3284605102
1240931450
222913053
4000513888
3076939585
2183673262
1241417976
3104164674
1550494956
2429365784
2429510478
737118179
736118521
3443869430
2913496782
3444577296
2271539979
308129441
2977342916
2271574819
3444915343
3331175653
3444567840
3331317428
3330780413
2977393229
2913925448
2977778946
3235347739
3972892160
261137596
3450015636
3450186637
3445380109
3330407885
261871666
2977356770
504949396
3972028710
3546461956
2674123403
2473463086
3444920760
261743387
4215504581
261354936
3546857882
3522063701
4215612491
4245515229
2977530709
1584188420
3623261404
1584276487
4215643242
3789962427
4245209238
4098435149
3623437749
261677788
1077400004
3623093586
4215882763
4216275405
1077823158
3623109527
3340989997
1077816178
4245538822
1077532766
2416614121
3622873354
3340875480
4215405015
413309334
2687573109
426363766
2039252857
426122205
1522550295
1522644157
1949991082
1522578005
1949548988
1950110574
2688067517
3436819050
426022536
3436628900
1949417090
3918932691
3919315282
2704529492
3184194402
84819715
493716770
