32 16777216 4194304 4096
813888376
813887970
3257925488
3257924934
3257925095
813887847
696087714
813888277
1891668751
868934374
696088463
84592025
2145476764
1891668402
696088109
1891668931
1516341747
2067099685
3919311979
868934641
2754407108
542012713
1891668096
2067099865
1481592298
813887564
84591780
84592424
1516342177
3593831767
868934240
1891668105
4280914637
1038543039
1038543330
2027858595
2027858387
2027858449
3017992577
3017993144
2067099934
1887057329
1887057677
7989910
2067099718
3593832040
941429940
4141122753
1882541520
1038543167
4280914193
2480922725
4141122963
1763157163
7990001
3187483434
1673044229
2097984866
2394586607
3336719956
4141123040
584226220
3017992332
1487586896
3324289430
3860257308
1266646992
3593831954
1516341469
3860257512
3902403141
389137479
542012776
3593832287
1038543656
1673044576
1766684140
1099419331
2097985175
3860257237
3257924676
3324289557
3324289055
542013423
3919311971
3047579282
813887970
2097984711
3478068271
2027858253
2027858156
3257924711
3478069081
196552647
899692677
3257924906
381217380
3328882616
813887570
1099419136
2935318910
2961495668
3860256810
2007452706
84592627
868934408
1251055073
3329756457
1487587186
1766683708
2935318980
1487586314
1559895474
2127093388
3047579307
2226709314
563211495
1560821996
813887953
757925522
2097985434
4103213787
675946967
591332812
309058116
309058161
3599819847
1781816717
3641124018
1673044470
3902402970
899693353
2070317068
2961495285
1038543414
3329756461
1882541341
3902403319
1228293015
4278105891
343079705
2366971214
563211989
3745478234
3017992214
3599820028
3032865857
825646448
2007452691
1895170288
3307843310
2480923451
4037126854
4180910735
3902397698
891174381
3332728693
1041182874
2145476722
227238085
2319766205
3328881879
468157890
1228292981
3324289515
3032866083
2188957013
1781816775
3307842625
757925834
880479622
1766684548
1112070445
1415685158
1560822768
1076209079
2097985449
2366971850
2725864823
1985991970
3336720011
675947318
4120919998
2853813211
527854074
3332728273
1266646085
542013264
584226655
2284212684
3599819858
1516341844
841707435
389138019
3332728640
227238398
591332692
4267605236
476554117
3478069071
1041183119
2523976694
3745478439
3478069038
2366971274
3081921276
1038542872
1415685742
1516341839
575266847
1895171067
3902398190
1689870231
1453295879
196552284
4009560645
2966879114
2145476749
4267605016
3124916062
1481592327
3394284030
941430536
1076208907
3307843235
4267605885
3709088204
3412252370
2097985387
880479949
891174168
3785294936
1999816071
309058511
2466793127
4103213684
2188957285
3860257467
2466792620
2970009882
2394586968
2264886031
442369039
1516341964
2466792822
1887057740
468157767
4131092808
1481591975
2409750174
3953066602
3324289318
3030511850
3590931082
3262325217
1251054783
1766684194
1228292458
3988827732
2480923530
1266646161
1763157679
3567221709
858728942
2379892681
2997151245
2127093552
2896919897
2480848650
2265644392
180166279
1458739944
3257924757
754139140
3332728619
280593175
923211053
4194887027
3329756256
1338434877
1887711384
2367389298
1941137657
1648374568
2007452844
3926462322
1112070253
1228292812
2691367428
2456701632
2389025460
2691367928
2070317851
584226572
2577183096
3849461103
3902397744
899692991
1505464642
1173097900
2127093757
2265287340
1730105336
3394284056
1314002488
1458739732
4000636744
357173252
591332871
4267605890
1714489661
1592553373
343079234
2190483713
3953066198
26888125
679306629
675947347
1338435373
3124915851
822958218
280592748
3093927935
1251055185
1887711731
4253705040
4021848637
3463203682
3283041399
1866233478
3362986841
4251704656
3187483003
4103213838
3032866298
871890304
3561433107
3422421966
2935318769
3454683249
3567221164
442369149
1878735794
891174010
2935319397
442369805
231199406
2800278480
2698510691
3717941391
4279669830
1689869601
4253704433
4044352893
4239035990
2466793183
2896919586
1099419620
3454683953
3257925286
772552088
381216946
2027858931
2127092839
858728454
3332727810
3132311041
1925159773
3902398278
3709088015
1251054917
825646719
3124915524
1551771956
891174217
3911599865
3047579567
2557104945
4163086860
2944681792
3283041522
1767974261
3422421395
277039088
2800278393
4278106077
3919312846
527854181
1692614061
3604761953
267822218
3463203257
1559895164
2177497930
3988827416
684531229
944229273
1817031609
4145475658
1544684161
675818996
3155718664
3593831944
2265644958
2557104901
1763157242
928790604
2397585192
2188956710
2097985395
3438846942
943796922
3044546060
2284213025
3876040663
563212059
1038921560
2367389659
2524878821
3257924827
1041183070
591332939
1338434620
1006869766
3561433189
4087674671
2970009942
1673044013
1280663995
1453295624
2027858462
3132310919
2853812418
2319766204
3412120052
2456701918
4253705010
3362986998
1481592687
3734378905
3807400945
2366928734
1038920855
4066434187
3567221517
2264475053
868933772
675946909
2976464260
802205172
2896920262
2480848030
3978107678
1753580283
2500924635
1006869693
344203661
3329756242
2721896710
1878735320
3537630897
4251704920
1673044636
196552268
3869963822
1387577488
1387577909
4021848237
542012642
1133680416
1162265641
3005507506
3730396964
1730104654
1924048000
4037126199
1133679888
772552299
1220603829
2976464776
1453296309
2800277900
1048003638
989281430
180166216
514316774
3283945621
2927471332
1814141501
2803271734
317053373
3332728253
231199402
196551798
2977110883
324023315
2698511156
1689869617
3328882594
4176491823
2480848271
3869168347
131810143
3032866499
1048111499
1487587164
2411783880
868934004
2651724395
941430114
696087867
2827228383
4277683120
3187483367
563211822
2698510839
2961495267
3132310966
1955475974
2319765708
3849460975
2456701010
3537631174
772552131
4044353303
3032866578
757925600
3717941937
3005506953
1610953456
1097579219
3830163840
4176492472
2127093178
3343422646
1220603390
575267035
1162266455
2319766304
3710264950
1302921862
196552629
3032866355
679306442
2188956759
357173904
4149153295
1551772343
3715152838
351585054
1076209550
1871803317
4117416400
4103213070
343079158
2494841802
2896919877
772552675
309058427
563211393
1202390038
1076209429
3030512290
897024655
3249729896
267822927
3170732506
3378113702
381217716
2394586612
1553204065
3599820635
943797107
1714489899
2367389347
2861374881
1041182819
944818471
943796590
3249729712
467405175
1184329409
2366928861
442369093
467405603
3988828133
2961495730
3953936940
2754406607
2190484076
3869971014
3715152014
1455195355
2675756997
3251314367
1360356224
4241354356
675946886
2524877994
4239036231
1914024733
2606863199
866066353
344203530
3594255787
2902161692
2811301286
3717941255
1793670118
159865848
757299612
2103003822
3329757106
2328368670
815851912
2231540677
1345883064
2409749901
2097985348
795731572
2810398361
776192865
1692614451
3438846301
2480848158
3307842838
2810398466
3262325048
252784170
575267216
1458739861
3926461580
923192146
3283946244
4083178337
690836933
3978106963
3692142642
436768953
704626172
2366971159
837630721
3283945529
126821691
3184925881
4149153678
1999816043
2924902265
2604910131
2243571998
4149153069
785294033
514317039
4099780513
563211355
3257925561
2062610016
467404940
3900420852
2466792649
407361430
1518060837
2066907766
1147461964
1551772346
217981829
690837110
1909125118
1338435382
2555190422
783748488
3431213623
3265607891
943364234
2007452733
4274567364
2736297759
2853812383
3869970925
1038921577
3262324805
3017992392
277038606
4180910475
3830163747
3659085634
918816305
4146081867
3184925992
448070798
274734103
467405408
3924976320
2524878392
868934100
1730105265
837630778
1097578615
3825075673
214746275
2455189877
1753579590
4055597544
2679879752
822958160
650133811
684531170
2984482631
1006869639
2457434534
2452002185
1444414530
1914024389
939142316
3673086899
923191767
3249730126
2394586780
1329203941
1048003809
4010377629
3422421420
3463202954
2001191551
3318896255
2409749836
3221190962
1444414514
1273666725
2997151707
3158294047
3745478028
4090054173
1048111583
3454683830
383280704
3738294544
1866232850
2919479844
3054605249
2997151466
4193063779
3193119559
2944681175
2523976561
3228457445
897024330
2657324728
3551529262
3190681987
3422421121
2612546083
835823710
2978206478
3953937337
4136511283
2455190215
1533764240
436769657
1118132105
1118132066
1620338045
1817030657
4267605841
4181394348
2944681432
1592553346
1648374494
3738294775
2612545710
3217554557
2855107148
442727919
2393983808
3850694728
1505464874
656673231
2919842460
4274567242
3792887011
3257313095
4251704404
2523976209
3708588675
227238404
3173221951
1329203743
2698510346
1551772353
309058061
979340822
918816646
3285417560
3414429164
3988827161
837630093
897024591
1980714243
4103213412
3767445391
4117416850
1470709816
3878993649
1663854140
231199066
1938977197
4055597767
982635316
3047579384
3561433574
2754407420
3980102147
2725864906
3223810060
2127093169
3734378556
2103200392
3307842785
2070317730
1995030506
227238096
3772005456
3679196405
4088391818
3179617641
1553203874
2902161988
1999816250
1245600644
725415336
943365073
1188600916
2557104847
743919843
99879836
3309156417
1620338461
2977110466
537749812
2297696785
545610582
930363543
597838575
1448067776
2593060777
198997595
943796956
1753580501
891174610
1490882486
1887712021
1819193772
3425420395
3866748007
3054604412
2014841317
656672922
4044353435
3551529542
2657324776
3924975900
2067100224
2896920166
196552035
979171380
1543750978
3914286181
4136510519
1819194359
2736297282
2744329454
4042293137
4042292616
2963136918
2190484197
250863179
4088391726
2704836962
2456701472
2924901695
2070317058
2580796021
1381511832
2265287113
2393983471
668298918
563212095
1955475794
2220096229
1266646207
4203865923
1353693618
2456701281
465493435
1751385376
1873581373
1878734928
3739458398
2920521333
2177497167
2996418602
1269277201
4042292758
265544159
1099419456
3738294318
3204032068
4130093294
966953793
1923326793
2062609672
1925159417
3140191611
3825075512
4099780159
267822501
3446044035
2650210289
1381511777
1027707740
1508922577
2963136940
1329203503
1487587022
3227545014
2067079947
4130093750
3943407789
3507098144
3562338240
2007453168
3173221923
4252366795
1266646696
1555761537
1875196660
2127093289
442136467
1673044950
3807400619
3221191264
2686742388
4088392624
3173222335
3378502597
2103003554
2088489883
3145873423
757300152
2145284465
675946631
2562639358
3750168637
928791526
4261377315
930364126
1303996088
77238012
2456701098
2606862623
1041182821
3459051717
3378113590
1118132012
3715152345
1381511883
4180910446
3378501692
105000131
3999506483
343079018
928791212
388580382
4044353355
1095692958
930363424
3878993704
4203865950
2051638919
1448067867
3343533946
3257925145
2231540439
1095692616
3097335781
1481592428
2651724595
966953937
757299490
3471820038
1458740002
3168723284
1793523632
2584051422
3251313808
380585776
1279886035
2284212324
3223811001
4007018682
