32 33554432 4194304 131072
1379057108
1379057106
3335340403
100013908
1389143121
3747390004
918991226
918991200
1379057098
412688005
1178786106
1999269860
3194038213
918991225
2567270703
3335340391
1379057113
100013895
100013916
1379057105
500699329
1999269865
3744784980
100013919
412688018
100013896
500699340
1824088599
3298935840
3209320938
2567270691
21564851
2893751903
774721975
2427699153
1783622625
3767245895
3744784963
2567270696
412688008
500699357
3137656549
1727579136
3209320934
1786510019
3767245889
774721982
1727579159
1569494142
3137656560
1569494140
2053387271
1971401094
4022494610
3922699140
2699635154
719874231
1786510023
320956620
1914626926
3747390005
830640155
100013904
2053387272
3211577440
2053387291
719874215
830640145
767925621
1596363959
3289797437
538060791
2353681165
2482032934
2677498395
500699357
3289797421
3744784989
3744784963
320956630
3744784966
1569494114
1914626938
335728205
4191833715
2069618176
3289797424
2851107099
2091216661
1705462714
1783622655
2677498374
174294253
3792017030
1999269872
4188884236
1389143120
977389607
2482032953
537047001
1295603228
3767245909
728086526
1178786110
1848551577
3429186919
245211125
940294037
100013898
2091216662
808280133
1737153694
1918392472
427491286
541057775
368253367
3289797418
1781451448
549245250
2069618179
3529890556
541057785
2671663601
335728192
372129202
3211577470
2482032941
3255152372
719874225
4212529291
637661277
3681148078
1737153668
808280147
728086510
26644087
4022494602
2760766152
1461126222
2699635140
2069618193
3681148079
2353681167
2182249637
2069618190
4076511377
1999269866
1705462711
320956638
4077040615
2070633674
245211119
335728211
774721965
2353681166
3372651853
248236656
3688776325
1971401091
1535470632
538060775
1389143114
427491294
3458454836
4121530568
951832940
637661279
427491275
1163035515
2893751891
1781451440
1918392448
2699635143
4077611971
1389143127
2698232433
2376087836
1372192395
808280139
537046993
3194038223
918991229
3255152382
1999269875
1282173542
2773422700
719874228
3600498892
615238536
3404992304
1527264240
134372811
1223845658
2239564524
500699346
3767245917
918991231
2464785624
470194383
1452962032
3600498881
2531238645
2773422695
248236668
1843726217
3916726829
1178786106
2032797237
1178786082
2967179296
767925620
21564848
335728219
1403392097
2655685220
728086518
675826864
3211577464
822391014
854508365
537046985
4188884236
1968843776
951832958
3603611991
2518895862
3408694916
2699635153
3408694933
1971401115
822391032
439330276
135653199
245211123
4022494612
1282173552
2595817729
168304578
3681148073
72788708
3940095921
3712416075
445836846
4121530565
2047456280
951832933
3594724744
728086523
135653189
3265654723
728086509
3916726842
2182249640
675826853
1639716989
541057762
1452962046
3356939719
3282126603
1524221775
2567270716
348863426
1178786085
1968843780
3898993604
470194377
2462035661
3408694935
21564840
1229230656
3071709308
3282126593
1623471654
1636874774
4076511377
471970481
2948511619
868525806
3551208370
1898768708
3792017048
1737153688
2462035649
2671663608
3115387819
1463907296
439330275
728086510
39380518
507859805
1900630685
942049988
1727579161
1971401088
1403392119
1898768721
3688776328
2773422716
1914626920
2378038915
675970799
3071709281
2851107094
3600498883
144928894
1787157279
2521148145
1229230685
3071709294
977389618
4036214488
854508368
2518895850
4212529291
2948511619
3016592305
2184558210
2671663590
248236645
1824088607
3981885477
2511946112
573111004
100013893
1452962029
3265654735
3458372302
3432286794
1705462688
1702369400
1527256464
2250931130
4191833700
2441144867
400773228
2655685220
2292854564
918991208
3016592313
427491295
2184558234
26644091
3368427505
1372192413
1639716960
400773239
1363530618
1571968839
350875018
2699635164
2073100547
4207423243
1103798262
2093259226
2073100558
1461126238
1350581885
791061022
1999269861
2596318225
2464785629
2143032450
4191833698
1898768734
1447176981
2821497354
1223845639
1461126224
1596363943
1824088578
4036214482
4294476317
2647137721
537046997
3725638539
3209320950
2053387283
429178328
4102216312
3372651848
2516619456
2753031917
2685273821
871503297
1737153683
3681148076
3298935845
1229230662
2619338881
2967179309
3926343317
3869648667
404417669
121672883
3767245898
1363530615
772637194
67824346
3282092974
457713841
3067726842
2773100837
320956612
2464785603
3368427510
4080642594
2891173592
541057786
2677498386
134372811
2886374493
100013893
3397605999
2376087831
3145483140
1275686415
248236658
4028487662
116570388
3429186935
73546875
822391035
3458372312
1409472619
3982550524
3526066504
2699635150
210620561
2967179299
2810216708
67824338
2773100856
3725638558
2292854579
719874231
3404992292
3551208372
2353681154
549245269
3265654723
3432286808
3356939713
2456061516
2973580385
3298935851
3885117094
2300559905
3145483152
2677498395
3664858002
2121587447
808280158
3275761435
372129199
3754676344
2482032936
1881884869
2376087810
1389143129
3427831577
2577533172
3420905844
423458854
65869703
2378038930
2518895842
3177469883
174294248
3067726825
423458850
1083911604
1295603225
942049993
401177235
1831136023
2924287616
3174747812
1781451430
2546145304
1091822503
1968843805
487927505
3013810437
3265654736
1843726232
4183478605
119688166
2886374483
1178786080
3177469858
3754676331
2121587445
2596318226
1527256453
3211577450
2616986709
439330278
1335223217
942050006
4077040626
3600498904
3731700567
3087634039
2803036446
2677498383
3015600813
174294246
1623471658
3282126623
3681148071
3848675199
1824088579
348863440
168304589
3529890546
4009803424
2974090090
4121530590
2843249084
2300559928
2352460542
2184558220
3058931747
3310962567
1766696432
1333697022
1590970161
3725638551
2800079107
2631537743
2509740741
2516619474
4036214481
2464785600
3688776350
1580092835
3404992298
2069215380
2048773034
1887026687
4294476293
1678302431
2800079134
441882892
2509740742
3792017044
3725638531
3029445567
3013810433
2311936063
2466332455
2427699162
1163035505
1953813489
2616986707
2677498392
3086543874
555163246
4143096002
2631537742
3174747819
3217444420
3122094435
1921260063
3346569366
2967179312
537046980
2616986708
1781451436
668295302
165447930
110007068
3298935851
1163035501
3310962560
1403392114
977389619
2821512789
2893751882
3029445550
3209320957
1103798244
372129188
676724823
2738697674
3408694918
2624597966
4188884239
675970787
658141455
675970804
1439100406
542664043
3398506603
538060782
1678302428
1569494136
2268876158
3016592295
168304578
297125476
1582417467
3725638559
1611283918
2091216645
2372295947
2800079133
2353681156
478830974
3245309594
2814057626
445836860
3956569137
3744784990
2780829021
507859802
2738697693
3388382999
3551208367
2250931117
336444844
499572804
3404992305
676724808
1571968849
1439100385
3087634030
709314755
1921260037
3681148073
2947034640
4080642612
733134829
3838509611
376992840
429178304
799797401
728086517
3680292484
144928865
1953813502
3846488747
767925629
3755615574
1397304638
2390445814
3373874958
3373874974
2647137725
3699784907
2667661238
537047001
2267323669
2353681177
3147483078
3411189516
3916726838
3408694935
67824331
1672904564
2938237795
445836852
2870434210
542664032
555163248
335728204
2595817733
1223845637
2511946138
740604061
3013488408
3283296900
1275686417
1887026677
1269821316
3019238911
1999810465
4188884250
155253932
1397304615
539029746
1682171947
3525933099
675826869
1408238863
3107756384
1766696437
1900630682
121672878
1569494120
1682171964
703391854
2182249638
3013810432
4009803447
710487340
1960979334
325180485
2706406461
3388382976
175113853
2330564128
3411189526
4143644700
2311936036
119688182
3281545540
2531238652
2893479392
487927490
2806451036
3595569920
2938237814
3926343318
3994347642
370137366
1639716965
3310962576
4237307570
2732983187
893555935
3639867904
2128405056
116673332
2143032449
1527256471
2311936045
2616986689
1737153675
2533846814
2960686144
1728528123
3831417283
3373874973
740604043
248236654
2967179305
48385473
2843249082
965423491
1823183604
1786510029
2093259227
2390445821
3708546691
206538499
2596318217
470194375
2450496747
3087833137
2513409512
961939360
538060777
3193989199
549245274
4009803425
1439100394
3767245899
1544465569
1898768712
753210262
2253159250
2947034633
110007071
2884877650
912075032
1527256451
2605268110
1188804871
116570396
932951404
1026092956
1918392475
1786510044
225620647
2505605414
868525821
2390445793
2260305564
1598619047
2882275028
2756556430
43010709
1282173566
2806451032
2548083928
2960686155
2343852187
3838509600
1887946811
511089549
879103384
2706406447
3029445541
367941431
2583132435
1201716713
703713207
2182249656
3289797414
3289797416
429178305
119688183
2502128165
577252420
605748399
1266851172
231084915
1627470398
4112959670
709314752
977389605
2521148151
3560270125
4128940604
1463907326
3155143872
4076669131
3296835342
2462035679
3298935866
2032797237
3282092986
2870434208
2022519733
1623471671
1535470646
1223845654
2886374490
252146122
3792017046
455495437
3782606910
918991210
2821512774
2069446136
1252679101
2691107590
3231287398
710487356
3926343308
1571968844
2518895851
3000039074
109810720
2333159956
2069446140
1766696438
3134344049
4110137921
1403392105
2163924256
2736680269
743152255
2756556440
822391015
2353681162
767925601
1426728758
2891173573
1993573015
1636874753
2390445810
1237789109
1189869495
4101006761
2390027800
1893768432
1704981601
125625175
2029125989
2717774141
1408238856
119688174
4143644699
1311479
3122094437
2748629927
1674542285
3529890551
2390027779
3289907016
1963322798
439202612
2882275036
4112458217
2441144889
1511938233
3871043587
1639716963
3759557491
511089547
740604043
637661270
1843726210
1363530619
2343852184
818474597
1138002443
1881884890
3335340405
2761398845
3816615072
2707250947
252146115
942049985
675826858
3603611998
67824341
1344721605
4143699210
1535470631
2821512785
2184558220
3394054378
1527256473
844147484
1436949053
2516619461
2707250967
1786510033
2029125995
1272301764
2392175235
2454413121
1590970159
3400165075
1824088578
675970806
2022519724
2574174777
3900941557
1295495426
581541249
2311936063
1900630677
1141750957
2300559930
2239564542
2806451037
55849533
252146140
615238548
3743323449
470194398
2513409530
893555905
1843726226
446484942
1132647135
3838509606
1416267564
1831136024
830640139
2764347708
2472567430
1953783878
2531225732
1728975568
204262669
1410999358
2069215380
2903305489
2296553391
2691107590
1347910951
2715840611
19532014
339428511
445836842
3432286794
1805893643
3857004649
3603611968
1977492340
676724815
3849421080
1381074225
4232033236
2838844163
3182386073
1705462708
1443711227
2183118966
3860804186
872413941
3364087444
729039840
912075011
1455228583
1288840897
48385477
3310962584
2292854589
116673341
2622528267
2777840657
4102163133
2816752767
1646827557
