64 268435456 4096 4
1393484278542599658
15798274688189182503
17407870503830896662
7669651548219763537
15798274688189182487
17407870503830897060
17407870503830897196
10672061679489147329
6242173990978180075
6481359988132265575
17407870503830896898
1393484278542599378
15272595488159229041
6242173990978179547
14685928099658288321
5963855830541602073
10672061679489147707
2684433275900961315
8232623471823867322
6481359988132265682
10039244862828371796
10039244862828371151
8380960585042536437
10672061679489146975
7669651548219763217
15094343553340895330
8232623471823867726
7669651548219762738
15272595488159229222
5889492045310987470
2684433275900960811
2655043820197240714
6180308332931290335
13130031267991032846
18292000866674696947
8337835704114008572
15272595488159229150
16127764578012829927
14685928099658288696
16127764578012829858
7685990384728126764
535327634228253518
7275096855059058808
14527577381885594480
2900386469603021489
6180308332931290532
898970851008096337
2379978513058089752
2900386469603021626
2379978513058089905
2655043820197240075
869568372031524717
13130031267991033505
17066908854021456856
15634727690670956076
570041925518535446
1393484278542599893
7685990384728126890
8337835704114008554
1507530017704804217
15634727690670956263
17542440708029482215
7685990384728127027
17066908854021456355
13173378819227296998
284064649326182912
7669651548219763180
6352264193679902409
1527517736877432484
7359601929310698926
570041925518534749
869568372031524149
9528299296315165942
12835556648372559731
16127764578012830030
2379978513058089262
12938761127527856312
13130031267991033253
8232623471823867191
12062175469997097541
15272595488159229488
869568372031524160
12073983443401093853
15206771490506866215
869568372031524038
10039244862828371251
2655043820197240207
18357316135315494681
1527517736877432288
16295251106961199384
6352264193679902464
16194898042598215856
16506243784113848990
15063911853875849857
5963855830541601866
5498500317435743648
12073983443401093337
333215948110114628
5888318846334144986
31944513763494970
7460374949678561590
16600587344443068759
8337835704114008882
17023304692752419160
7359601929310699187
5498500317435744232
12080143214475720019
15634727690670956274
9402779254606338070
6242173990978179182
16840381841767058420
2684433275900961198
7685990384728127237
10564068623477762618
16127764578012830298
4168418552207419132
6180308332931290332
8114386934919385976
946894124651054779
1792188588716249365
8265837865278429503
5268891061581054955
6481359988132265619
5317026552383631163
5268891061581054711
14976512857534073326
2738020069407691955
13015885738864012220
18362756648940191420
11547904295444815697
4173714687943626768
15206771490506865759
16194898042598215959
31944513763495735
1507530017704803955
13786107269515957770
844172046005174156
12073983443401094140
7669651548219762873
17542440708029482920
6242173990978179250
15206771490506865760
2281337152808448665
9402779254606338208
1527517736877432207
2738020069407692794
284064649326183251
12583333284349332350
6415310965433625789
6361209548408587035
16600587344443069348
12737278747778196452
17440943454313278780
5268891061581054235
3952073623339194681
6352264193679902057
15798274688189182482
13786107269515957547
13015885738864011979
12879928118557964014
946894124651054676
570041925518535282
10831298273857800524
11685917253747451146
5317026552383630758
5268891061581054314
15063911853875849705
16544213339210480233
3816998042218857603
5498500317435743891
12599671966299871759
4168418552207418432
13504390832094354065
15101293025518867695
14385015412570871481
13169192218078058340
13553759729843152452
31944513763495040
7275096855059059566
15094343553340895365
6415310965433626422
5317026552383631097
18112195845405899486
10825060521457986669
12450981506097317778
15631619245898473666
8594648730337423236
15353263382412545100
1757556108911110213
3952073623339194783
3250994089482712244
5963855830541601891
6242173990978179740
15272595488159229509
9263858153828063052
18414328950045717722
10906879454176111514
8594648730337422969
982716264021941198
2281337152808448237
7359601929310698635
1792188588716249787
16884891294947120737
15101293025518868439
6242173990978179169
1698260703041753339
6924233783830559645
1757556108911110264
1873539658532479067
12812877206714061501
408196532385656089
10067368008572958853
3816998042218857789
16544213339210480091
12583333284349331567
15798274688189182712
14949715574096608584
14976512857534073510
15101293025518867995
1527517736877432057
14703291771332934284
15634727690670956504
16600587344443068716
946894124651054570
12073983443401093527
17066908854021456160
946894124651054692
13667250623282696608
13667250623282696651
2683977889898706601
16544213339210479728
15631619245898474160
13645265139407942769
14949715574096609003
5367147641235347602
333215948110114025
6924233783830559340
11605318929316855742
17688938198584351932
13455070864737919161
14703291771332933688
5888318846334144755
15631619245898474478
8380960585042536435
5498500317435743386
13668641934663037882
10825060521457987357
15101293025518868089
10104051613070107793
5498500317435743646
5317026552383630633
11979624266446000651
10895729166247637226
6481359988132265798
6352264193679901815
14385015412570871456
1507530017704804302
7685990384728127424
18112195845405899617
15631619245898473540
11514582734033550717
12491539070038548555
16194898042598215939
9860821429098294808
6474497472699606757
13553759729843152513
1211216786271535979
15206771490506866047
7468284649131408172
17410528398223329917
1873539658532479173
2585576620405164268
2655043820197240244
15233117833762510892
5000004816557698123
6197712882767224915
869568372031524244
3811093872320627895
16884891294947121104
3481821192946661957
13067414392646657082
9558557568937106456
18112195845405899001
10564068623477762211
11596418179558029910
10077244021984269598
16194898042598215922
8458295913688651010
869568372031524537
12599671966299871361
9558557568937107067
11027806575605660571
16111414186015018889
14685928099658288140
3538317413819830280
8265837865278430153
5358607374298811262
7460374949678562183
14535059229275203221
10105588732025582810
13667250623282696401
5268891061581054074
15259087469857855233
5031720695762367206
15233117833762511001
12080143214475720666
17335577813987892314
3481821192946662199
18051106913845589613
2585576620405164491
2901116565327172291
11350936459279222927
10831298273857800969
5874384304744963433
13645265139407942769
7364150683695500829
16884891294947120690
6415310965433626302
869568372031524759
10906879454176110809
8594648730337422415
16600587344443069277
2281337152808448918
1251148943642146058
13173378819227297435
9558557568937107185
16736743843567911685
10039244862828371275
13153129240097688997
11514582734033550931
16127764578012830591
15191586586532977818
15862933814617617533
16802780710306329828
5371287731460647414
7766455072694700123
5317026552383630568
4926568357886223026
12352978357428630910
7460374949678561478
405234530840517575
12599671966299871851
82065669679601659
1703726615537672151
2220618501072167073
11547904295444815153
3481821192946661907
535327634228252944
8232623471823867160
6897603097741284363
5834045088687706462
13553759729843152306
10564068623477762064
12848793192596664351
13244527230226862808
13923603858640857675
7797793268659795414
1873539658532479909
6824833209236392329
13786107269515957612
1353954910158028667
12491539070038549429
8380960585042536080
82065669679601485
14192475354640501905
1757556108911110207
82065669679600667
15063911853875850179
2585576620405164974
982716264021940672
2738020069407692228
11877058292042546124
11343508029558899350
8722440405395886763
11054084943690073563
6611119581218269177
16083495129800696161
18204245084029251883
16802780710306329832
12450981506097317472
8485380608009032692
16083495129800696085
13096440643210892970
9850926572898693704
13067414392646657945
5031720695762366844
2281337152808448256
10672061679489147301
7359601929310699147
8458295913688651381
12737278747778196155
16995574761774554860
14520635879444856231
16506243784113848931
6332875905658166157
8722440405395886595
632913247662510760
5874384304744963420
15862933814617617917
14527577381885593794
7670077703795334881
570041925518535314
14731797534112126806
7364150683695500439
13173378819227297597
10104051613070107657
5000004816557698430
18051106913845589802
1004918430583620328
13760021959253229713
11365871534364809886
8722440405395886329
6897603097741284514
1211216786271536070
16335746468140922772
15259087469857854798
8232623471823867871
535327634228253331
17277057735886299915
7795423423099897521
1757556108911110822
8485380608009032127
6592293724657612470
8804728350987899730
15634727690670955710
12359422348288066280
1531353642023229533
15233117833762511840
16209052358812804728
8243593658526258670
8756910477995561482
15041504672568037170
1422987693614431759
9103718067315422482
4786202124963148624
14703291771332933948
16995574761774555019
11291419482484750237
4966028865466798881
17542440708029482997
16995574761774554647
11918228982192562040
9951275142270589134
5333288025728148526
11980566413579853148
15101293025518867500
10128443679338419639
3807851532628864710
4168418552207418402
15631619245898473680
3042379165480576677
1432580453086054780
15206771490506865988
2115036769990680306
5385349762592745732
5000004816557698953
15631619245898473923
5599017318584965707
15862933814617617860
5874384304744963890
3421362962838939136
8594648730337422702
9863503508727260833
12833677005208775484
10786955951859736464
5003291237123526064
18051106913845589334
2497063476514082038
12080143214475720022
16083495129800696722
6292492054992087324
16802780710306329791
5353735884449185723
6493946082488552544
12835556648372559104
11291419482484749788
570041925518535520
12737278747778196389
12274692965747402205
16802780710306330505
8929203978329773106
3468589954999600171
13444487895229823135
18292000866674696386
10051883246701602331
18051106913845589742
5007037712327616895
13760021959253229977
10692381871828705457
1282845963047579109
1051022273918431639
8307813603331726468
6352264193679902084
5498500317435743452
6474497472699606509
5655672502208745827
10672061679489147518
284064649326183234
17371829973609051896
7795423423099897641
5345275130759371097
5874384304744963592
2001186615930175436
16736743843567911548
10128443679338419444
1671217057643414770
14039192572993368845
9951275142270589825
6361209548408587195
10086333490187151643
9198741240367409804
7685990384728126651
14040975099406333099
15233117833762510984
977018279240529265
13169192218078057763
13553759729843152212
8722440405395886392
7571023587888420291
17328186319859665816
5385349762592746253
18292000866674696960
13689641112785900020
17962116659009733292
17412520446877331936
13130031267991032962
5317026552383631195
1873539658532479224
1432580453086054720
13113905079021634479
15272595488159229113
17335577813987893013
17415793284721590859
6592293724657612186
12835556648372558858
3042379165480576028
13645265139407942918
7834283810066265947
6242173990978179229
10831298273857800473
16600587344443068669
7439074965512409974
1285861898796939190
18240649274751077495
2833227673770030178
12848793192596665320
9291911598973481595
7795423423099896855
12352978357428631152
2970170756220107456
12062175469997097478
12879928118557964089
869568372031524640
17750938347114066819
3073318965329378659
14514418886163047171
6292492054992087459
16194898042598215889
7275096855059058721
17622118820749108314
3538317413819831170
1422987693614431460
14039192572993368752
7023900603024175048
13096440643210892543
15862933814617618287
5398643354128226619
14040975099406333644
14976512857534072870
11514582734033550730
6611119581218268495
4634413577458298267
10035947008620497355
5834045088687706555
10035947008620497244
6415310965433626461
17421786452237505253
12737278747778195468
16153129527440912984
13656611489893583583
14284795904224617907
3122613903639766236
17410528398223329875
17688938198584351940
10814463974206935270
17265613943704572076
5268891061581054539
18230548281186918849
16532330550582969454
6379932195150118022
7797793268659795939
14976512857534073038
8436068537004660227
8804728350987899065
1051022273918431733
10256993325969127925
17066908854021455967
8485380608009031971
5166183317152126507
8184709833923725179
13656611489893583538
16391156967209997507
12080143214475720168
11605318929316855366
10692381871828706079
5268891061581054747
4500541972135000629
13153129240097688872
15707819357225875757
10035947008620496942
10831298273857801094
10481031137347821979
1279389335378352447
14535059229275202925
3120875597833341771
1698260703041754055
2738020069407692316
17415793284721590542
16629011303581737208
570041925518534905
17871406373672338965
3952073623339194405
17371829973609051160
4010793109072174785
10104051613070108626
15997900517372091542
1200852982170303342
5398643354128226951
6242173990978179280
3810972106156414547
977018279240529233
13167696060230575252
13405640382119220761
7079424400811716830
13930881811917626552
18240649274751077823
7680268085920214035
16600587344443068525
13786107269515957377
1757556108911110968
835322294979489662
2655043820197240043
898970851008097271
17523564594055632838
11513871784487805898
13012127626626618162
11980566413579853713
15883862087563373121
11685917253747451642
11677573214294055233
3711339138191263783
7439074965512410094
4634413577458298392
1432580453086054636
7038643134178089087
8283149039705192889
4447522470982507480
6897603097741285129
13923603858640857277
6250292856560261253
7680268085920214330
2037669213954616582
16037638515113180672
11918228982192561783
14997699948375773718
642976883283935204
16884891294947120728
1058313581622298873
82065669679601567
4836796958575298232
16194898042598216384
12359422348288065772
341180971778454655
6250292856560261726
5333288025728149469
15605199122863834576
15997004050004759353
7989081873561348873
12542492463940317613
426794329301327339
7040118734641596998
15605199122863834586
12599671966299872149
426794329301327081
15631619245898473602
8067745881181512106
17962116659009733410
5963855830541601866
9863503508727260747
13404871424156158768
11748043210927934501
16037638515113180711
12583333284349332369
11085842836864242063
16127764578012830713
6352264193679902190
5498500317435743552
8458295913688650923
3120875597833341791
15007970667171039805
3190900721063080986
18233833562621286503
8458295913688651282
1086024735390083553
1422987693614431888
15984251387973204666
5874384304744963327
869568372031524828
17440943454313279200
7197087233643811114
5251475410202350857
12646948964350776119
10963446495586567177
4010793109072174154
1314855818713360754
5358607374298810582
16818517657843064460
2608151825607885637
10067368008572958908
15156783348085211725
17731936463934699386
511807176078867132
17412520446877331872
17622118820749108284
1757556108911110226
9895729784469332927
6372145888856977894
16947031335160061501
4576592882729486406
3703035117824832663
13616110905223570375
3172947970067474556
14949715574096608879
8184709833923724351
16238830719923622291
9895729784469332228
4158452680948325121
2964331863290325067
16391156967209997319
10124334168405826643
1527517736877431999
9743941203859141356
16440801035897754247
2760642705901256748
12542492463940318158
10144685948396192431
6585240108125867185
922426506299438128
13985611717832578671
15997900517372092405
10672061679489147407
1282607841217811955
13444487895229823945
2001186615930175053
247267127204512993
8834526808100475189
12308429650284602787
14997699948375773237
9601678184931521828
9860821429098295240
17482463157869988419
4580408601709309393
13668641934663037465
12512062892858004441
13096440643210892557
4786202124963147960
5741766360526648831
4285393129582216340
7264072694651294517
16600587344443069136
1531353642023229734
6880453748428762163
426794329301327378
4964529216060521328
7264072694651294465
9749657611397340111
2425242247296237291
15156783348085211848
9304566696396560799
4263715498869988391
2171182137219045761
13244527230226862816
9052068918856706159
5447022399958729807
8413972916661886860
2419532031919280313
5352551907072083384
1330069069440304086
18344045971799612851
15233117833762511530
5427984669730810890
16754818668280140848
4173714687943626972
3616328599492369509
5397674856620305173
5741766360526648438
7583154302198427590
2247258995526509444
9743941203859140723
5503345344058117036
17750938347114065973
7092411125338680909
16545531422500434127
5776503113312355104
4929633537742229861
7790001884382657600
2189503793863263761
5071597365401199500
2418208207531595324
7377281337672334085
13067414392646657815
3468589954999600632
2655043820197239947
17731936463934698829
7778428388688159862
13923603858640857943
6897603097741284855
12080143214475720109
1279389335378352186
1051022273918431801
8283149039705193371
10786955951859735737
10692381871828705924
10182767715442191547
3421362962838939224
10193924763469778093
17389246058495244102
12308429650284603013
2418208207531595661
5397674856620304923
1704049524438130620
570041925518535639
720298099059414038
3481821192946661721
11605318929316854848
4109422181906031974
9241897917339481244
18097121002646011228
7313321039450492854
16057542913736092544
14026429952677789293
1282845963047578822
14212723736386506160
3121088145201683021
5834045088687706548
5963855830541601987
15233117833762511040
13786107269515957678
9452109456524819664
7778428388688159904
5982531367412449282
2683977889898706124
15229669357695016917
5655672502208745509
8367375580439915338
3295857813635167147
9528299296315166367
9295242829507133896
12975252135620629758
3611287544984613278
14266831425245114316
10795985321931767812
1330069069440303462
3703035117824833298
2205218798184077146
13491422837139545640
7038643134178089589
4867658121987292926
4180016799222214671
9743941203859141533
18360155702717878225
11819568873214713532
7571023587888420097
5813518475496857556
3836641970611161512
2205218798184076821
6225747709164227343
2050984633082477227
13760021959253230327
2760642705901257253
2638345969379199026
13183598748961131767
17067220243319655677
12542492463940317807
13668641934663037484
6671894986882119665
16209052358812805089
3555327255008000439
16884891294947120817
720298099059414119
333215948110114012
5397674856620305029
5353735884449185674
2050984633082476662
12812877206714061309
7583154302198426864
18362756648940191321
13320917389516896563
12463491254755328985
17320275022869810678
14208943084612795352
570041925518534876
835322294979488800
9103718067315422527
8232623471823867462
6332875905658166013
7040118734641596860
3659615345484829108
10692381871828706183
1108895729228982587
4576592882729486687
2425242247296237205
7940130917222020825
11685917253747451718
4139771531400509959
7153911270685149245
9321903218426813293
5333288025728149340
14581463268255719753
1484266194243863113
16331521385492523641
17415254686858799684
256314602637711383
4037775560675598106
1497627014135590277
5567825872620372545
14966951736540867869
1877910379011737054
17320275022869810925
15793227378170871086
4139771531400509839
12917006296614576806
6474497472699606531
4285393129582217132
10035947008620497104
15883862087563372621
15883862087563372749
844172046005173846
3133712711761611810
5317026552383631347
1351679413639018978
7680268085920214553
16840381841767058372
3711339138191264740
10318971982478614452
13807629532635246497
13067414392646657960
10564068623477762356
17688938198584351791
8283149039705192658
7892415299937708052
6895027656106167510
3664486783036382346
15631288325342800103
13607129756225331365
11088107562750579395
7784433827225095342
15863756211749161639
18437309220195461531
17421786452237504934
18112195845405898833
1282607841217812320
4263715498869988398
2738020069407692213
13668641934663037230
8866599742799442942
11810744056612955790
13304435584342451721
10318971982478613848
7583154302198427249
93153498530002289
4173714687943627416
10814463974206935984
14925185334866567986
3094098944623516664
5385349762592745528
16769864951246049646
11997758965168966382
18317415813888703635
14385015412570871705
9863503508727260648
4139771531400509494
16397968401922916220
2262638212307825733
7852786407180169808
3133712711761612726
13329287409250810200
869568372031523911
16568496824261481645
13172819821597044176
14339701918882712758
8522926032576442932
8717796769427709094
6481359988132265678
1545871027678169667
5332304144215937340
5813518475496857486
3811093872320627738
10102080439666198879
13262932944029779882
