64 268435456 256 1
4057255106442078673
12325250354088582370
7535246809334157569
12325250354088582206
12325250354088582294
6050447228250053763
2727544505076612735
4057255106442078584
6050447228250053786
4057255106442078552
7535246809334157808
5560188226669004427
18226251989172083950
12325250354088582397
269987998584359807
18226251989172083945
2813811494848428634
4057255106442078684
2727544505076612859
7703649105311751657
2813811494848428799
5225879211491131062
4057255106442078527
3327811067210384423
7703649105311751589
3327811067210384483
4710436160273466103
4710436160273466096
18226251989172083903
6050447228250053667
2727544505076612742
4710436160273465921
12338574980555210571
4105665322312538474
3327811067210384535
4057255106442078692
971106965069418803
11475998444756983018
3327811067210384540
1318779971974654818
12338574980555210657
4710436160273466007
12338574980555210713
5560188226669004369
2727544505076612755
4057255106442078464
4105665322312538453
5810416240181024581
5991102355742403484
5810416240181024573
1318779971974654862
7535246809334157599
15426446751854261451
4057255106442078496
15148686139885960750
18167126325059906887
2570455621530520793
5462444144056389473
1317769923662283507
5560188226669004418
14680521288178120758
5462444144056389571
12338574980555210595
8304061085470806266
971106965069418904
1318779971974654796
7003698134206440725
6050447228250053700
15999035950163716295
4105665322312538442
11357340483793066891
5991102355742403560
2813811494848428740
2813811494848428695
6050447228250053662
407346893475465654
6050447228250053653
5215384807803815111
1896646079986774678
15999035950163716191
12245856551952251325
971106965069418988
5462444144056389425
2240743307255458688
1125595061069972946
12667769670580475914
7616519760649481412
12667769670580475948
4898941785667742011
3327811067210384635
2337917353507558607
13471493506471039419
407346893475465541
11187237451657032235
12667769670580475985
14577749276640150430
4397336026015503783
4625423925414840225
5991102355742403381
2240743307255458667
8881108588453224439
4888331977945877530
14416389850722349891
3327811067210384588
1317769923662283472
2337917353507558538
4105665322312538417
11357340483793066895
16542053051450907026
2727544505076612794
12667769670580476115
407346893475465709
18284248167952034214
11065934099471799751
5462444144056389473
12838088058185847395
4105665322312538525
12325250354088582275
971106965069418876
3203047714561969419
12245856551952251279
12667769670580476133
8132636664094302231
365353705438242156
8357734824388605651
16542053051450906964
10830411818826846714
2321018515351497969
12838088058185847471
971106965069418971
4105665322312538623
9431986148095105334
12667769670580475998
14680521288178120753
18226251989172083762
13471493506471039475
1896646079986774612
2249673757806455517
3146573744389613531
15999035950163716196
16650301248720995758
6784576272525499224
17839766613620398303
2125817162032279788
3146573744389613468
9592177608481577337
3004298080328252335
9138972401471289886
15148686139885960840
9138972401471289965
9217271894195594241
4397336026015503792
2240743307255458596
14416389850722349879
17460353228268891151
5991102355742403552
2657269739454512165
8881108588453224229
15355933977330152244
11439380106854974489
17461440126086913903
1009615707923723659
4397336026015503619
15999035950163716190
12090246107548822510
5560188226669004444
2348084625283772946
11187237451657032214
12667769670580476148
18284248167952034153
1125595061069972899
407346893475465694
407346893475465590
15148686139885960853
7164804683642648185
11956940771792640092
1604942068799456581
7164804683642648126
17328996357926806752
11459583255137377096
7535246809334157799
13575346577583949804
4750172868169802042
155638941926571665
14486920185375195355
8357734824388605671
11904065357996401130
11475998444756982986
12090246107548822435
12338574980555210680
1604942068799456599
155638941926571682
16813024695714615506
12771204986395343180
16372738494800611240
9538771734967191794
15582804078263815140
6050447228250053730
8329279275989477284
17633455926155544008
9837896986515936179
12245856551952251236
3146573744389613327
971106965069418979
2240743307255458641
10882188987864011293
12472427016754242868
10409560783004096532
1993389984950087238
9915198702871875683
11065934099471799646
9915198702871875808
9522800340196388622
16049789026977702145
5215384807803815133
16554450798933232041
17839766613620398139
3203047714561969429
4057255106442078641
15579676652144156590
17153948798728298708
8304061085470806055
1317769923662283339
16646459665155343626
3647370913193189234
9378101151578708172
11065934099471799804
4927062004277277011
15921412119791836296
11956940771792640088
18284248167952034108
5592728816497141432
11071037613970107664
5810416240181024570
16813024695714615481
1763962715219341962
12472427016754242825
10019610864956756046
10602349545488973894
3229496563878109259
11071037613970107708
15355933977330152311
1896646079986774656
10253842789226582940
10830411818826846529
11439380106854974506
8585435037344639321
1626514955081558764
15500669991425568234
3177802069594663012
11071037613970107881
9915198702871875818
10362409021898371868
155638941926571634
9837896986515936246
3203047714561969609
12325250354088582378
2663970836478175912
8599381825972281914
7394949897306078429
6390437147741411550
6004726712223456955
16933202653323082688
11904065357996401130
1317769923662283281
11459583255137377036
15237939576544091934
16049789026977702222
3146573744389613424
665170205434954740
16554450798933231975
17234933824776209019
10253842789226582927
15276641191588517743
10362409021898372020
7616519760649481391
4927062004277276940
18167126325059906922
8132636664094302257
10150195991448423318
14885901802056111843
10139581642681966874
15404740087891405228
16813024695714615403
9138972401471290083
11065934099471799788
9217271894195594466
7079082509020834889
3943790468376616133
16049789026977702359
7165537035766939274
9522800340196388645
2813811494848428623
9137280351811347488
16542053051450907122
14577749276640150389
11825453835430446810
9837896986515936168
11606012536815387132
9188257241592259232
2570455621530520792
15276641191588517690
17839766613620398134
15051039298150105405
8436921096187541960
10409560783004096581
3647370913193189297
6013665926400913520
5592728816497141463
16659068771871500483
3177802069594663009
269987998584359715
9522800340196388610
17773029383231192946
9137280351811347499
10830411818826846526
8132636664094302215
5215384807803815027
10530236559778133152
1356286323576243450
11475998444756982861
11956940771792640048
16372738494800611284
1125595061069972870
13575346577583949654
16499058022765720430
9217271894195594264
8436921096187541941
11459583255137377144
10048591545953342094
8909546179795373681
11357340483793066815
10839469836350588666
10882188987864011274
11357340483793066857
16051033374748802757
11419181704753494157
7673576193948773438
16813024695714615431
8909546179795373801
6004726712223456996
2348084625283773089
11606012536815386959
5650323871559664934
3647370913193189142
1356286323576243347
12474893211792434804
3496521852553817604
7535246809334157715
18257041126272878829
6050447228250053799
9948622926786526873
6369665341250233844
14486920185375195270
11439380106854974613
12325250354088582385
4694074280533263395
5599161397480911327
45330910421872162
10372427117801166390
15368016158320978118
1966867394538112554
9772770988963414379
155638941926571620
8707091836763218958
3106217546276239577
12229748039946995476
4612937977267596793
9378101151578708162
9431986148095105323
2240743307255458612
13505480140094616803
14740341658103667303
14486920185375195380
14416389850722349901
11419181704753494252
3327811067210384545
13247424271768464722
15355933977330152300
14706848611759325851
1137400889936956674
8057565779572004978
13238967322350288322
8174250873100006817
10882188987864011513
6369665341250233765
8132636664094302450
10019610864956756111
14384451658882852691
14819876769041533034
5991102355742403424
2249673757806455321
665170205434954705
18238592255747231553
17317920793388370817
2660647853669438904
16646459665155343761
11446877467077684558
1966867394538112724
17460353228268891193
9915198702871875731
15390368760562123293
15011579953758765150
10958754844376678556
5991102355742403438
4927062004277277046
8242706230734135572
3133300850200602450
11065934099471799664
2140541371110435606
11857059964911641331
16049789026977702214
7165537035766939149
7879905412545731426
17697457931642359103
5849277010249336355
17839766613620398231
4397336026015503639
8242706230734135691
5599161397480911193
13247424271768464704
15355933977330152377
972550933839399109
6515991964283168639
2664672615848307154
9623159718631172785
15390368760562123384
18396112249908671499
2663970836478175948
7740939460671633005
15579676652144156499
4927062004277276942
13690196931015181786
15190299673048776955
15610099604146497446
9778751570501920359
1966867394538112519
15190299673048776941
4612937977267596621
17527842693628875252
16923742168759632653
2506127936416657124
18374970994564565454
14384451658882852785
10602349545488973843
18408137354550127417
8132636664094302257
507651578310868734
18396112249908671576
507651578310868565
15276641191588517871
9623159718631172759
15500669991425568033
8357734824388605633
1896646079986774665
507651578310868549
269987998584359757
2128958096088507326
1317769923662283457
15390368760562123435
2699576318959573363
10879431522510391647
8210710730247556613
10564938147949545966
17839766613620398124
6474251279939473158
2660647853669438903
8644903216108691465
7879905412545731444
3121893533089103627
17773029383231192927
10139581642681967016
12288933525519689575
2240743307255458809
6463826230476352548
7879905412545731413
12043430511476577044
1637868495831884044
14486920185375195346
18408137354550127478
763252976498135986
1896646079986774584
10140416960417569560
14544663711642487657
17150421428645587678
2713634217950095947
12411334134479354224
12838088058185847530
15011579953758765306
13690196931015181642
8132636664094302392
402371879828014691
1896646079986774734
5991102355742403570
13471493506471039364
14547515201532523315
1911507083643905885
10879431522510391791
10564938147949545822
9924701869399202362
45330910421872362
665170205434954596
11617728795742445171
2002719886647154750
5550146043982136193
9217271894195594307
5331568972867120167
6490973563942619479
8304061085470806035
11904065357996401034
9924701869399202394
9293851830054823543
10139581642681966950
8057565779572005019
5849277010249336542
4397336026015503683
6369665341250233797
12351404006652541955
17501389363296573137
8174250873100006874
13515166337748503041
17631820318274100940
10197662327196394211
15426446751854261292
12390805362284545160
11065934099471799756
13247424271768464848
11956940771792640244
15765256006969257684
9957721722981048074
2506127936416657050
14544663711642487717
15355933977330152371
16813024695714615322
3177802069594662973
11891461822644730975
1870825650000150482
269987998584359783
4815461774795118737
3085500999124816629
6515991964283168553
4815461774795118818
10078266740172245649
16650301248720995831
8502277380560918081
14547515201532523356
10830411818826846676
7078046745022969826
15148686139885960914
9837896986515936003
5225879211491131114
10226076156992802011
3496521852553817784
6132600489361832350
10048591545953342100
16011334048512914530
15248220608561644833
6257234287942064803
14677468015600464033
10011561043823347956
15714519619177965838
11065934099471799680
15714519619177966018
11245188515327709424
3408788655094641622
3177802069594662986
11169797265221154290
12288933525519689580
17317920793388370728
1137400889936956920
10253842789226582986
1454655215965980410
9623159718631172656
508462563334550024
8057565779572005102
11904065357996401081
15991514059844524567
2401379579679025297
1446925243098937601
4694074280533263531
12992320207894926695
15510458919682325452
8132636664094302272
12667769670580475957
2470867643786247609
4908533231619919043
4898941785667742112
4973514204151163012
18226197615833217492
5599161397480911234
17494187003774290215
6013665926400913649
314118459710457045
15991514059844524692
14943832488263130401
2140541371110435708
665170205434954714
6671108157064525903
1137400889936956858
17460353228268891309
10019610864956756178
2180231626524584463
14163925028133943417
14885901802056111669
16621848050331421502
1125595061069972923
10668873605142223925
9915198702871875715
13212387079227951116
13097679382367314208
2591879509081560559
6784576272525499190
14901802589579872595
8192476196537468506
11058070786610063793
13575346577583949696
3417491752107047800
17773029383231192857
13470707069917912500
1446925243098937776
15505685936536831002
16923742168759632817
15148686139885960737
7165537035766939172
17631820318274100936
2249673757806455415
5810416240181024566
10992861617148108157
5215384807803815028
9924701869399202469
7059603285068156629
8502277380560918043
16933202653323082576
3840207590218980661
1911507083643906033
1581952757514952012
13471493506471039304
1911507083643905877
5667101299317113666
1659714634071839376
10078266740172245517
14280397109938222056
269987998584359811
17426220174122502466
8504096961265612140
10830411818826846659
2825433589286312089
17437237537644099953
256035692585578238
15714519619177966028
8042123179894490641
3371750317248712307
18257041126272878783
3569233312581984232
13690196931015181593
9837896986515936165
5848913007991161265
6101903339283850980
4397336026015503804
1340122772413141244
1941863872356564319
15765256006969257725
12480613705457130917
13693896594770147761
8390165411894772908
15714519619177966034
15274982682101160909
1454655215965980333
2948220222232476074
18408137354550127581
16467999833609708774
9955972547864805855
14347060776735498905
7103261517821449637
7059603285068156604
11904065357996401023
7879905412545731432
14780922749059244392
17048408745333219211
17317920793388370722
17227065968923951448
15051039298150105409
2128958096088507191
3024820914390742318
5331568972867120230
14384451658882852859
10048591545953341973
11956940771792640254
11617728795742445114
1604942068799456640
15202301292862667385
13471493506471039257
1389918642915543510
8132636664094302461
1137400889936956895
12090246107548822412
2348084625283773157
14163925028133943420
6050447228250053749
17426220174122502529
8460155979843012049
16499058022765720489
5215384807803815036
8304061085470806255
8397389827950166793
5560188226669004312
16108834827188052937
9138972401471289923
8057565779572004982
3392653887792729827
11475998444756982961
5550146043982136125
6050447228250053772
6257234287942064800
10891649535879501517
17552989103872474003
1125595061069972820
17773029383231192965
14653506111956230260
13212387079227951264
16253469812168833735
10369254676463408005
8881108588453224414
10469169683434858120
13097679382367314197
17494187003774290276
3106217546276239551
12411334134479354365
14901802589579872524
15011579953758765086
5848913007991161262
14280397109938222025
4565533862867002140
1961301187144886598
8585435037344639298
402371879828014671
980503030842540234
6323473237643083985
17695223565709351373
16239138540876589856
6132600489361832202
7899128229202649326
15051039298150105508
13690196931015181817
16994834273557190974
1234652320861370864
2256420322930206276
15921412119791836363
2597067514966352697
9805205860435021168
11419181704753494125
507651578310868582
13589468011965699207
11419181704753494117
3392653887792729777
6490973563942619492
2249673757806455489
7616519760649481440
6671108157064525978
16305295420397106558
8504096961265612156
14775064987661473707
1318779971974654827
59683636249883997
9805205860435021141
18284248167952034221
11071037613970107774
18257041126272878659
15721391936979254170
4105665322312538586
18257041126272878693
6322906798580513270
16865805876199752715
10226076156992801987
4633171490857298046
2337917353507558633
18403363398881976082
18395268419326267599
13132515297212644291
293484367210584260
7193865401359263706
16341091885651689744
14819876769041533110
14163925028133943517
12838088058185847442
971106965069418820
7059603285068156670
4271059643247542778
15011579953758765097
5269761890857935613
1117783520324288389
6926145588278885385
17123828264019622514
2110268040090999517
16554450798933232100
5848913007991161322
4625423925414840064
657812973222418873
4105665322312538484
3910903905879807412
2110268040090999529
4289721373972491673
2657269739454512314
10140416960417569784
14714665114630489310
3759348812232923743
4815461774795118691
1870825650000150488
15368016158320977986
5810416240181024581
10211622661036685568
359807330525372283
8657800276793670978
16372738494800611295
8436921096187541896
11459583255137377034
4898941785667742148
12199714181909880510
10891649535879501498
3496521852553817607
16011334048512914553
3534529511250341714
12667769670580475931
5163310217852720914
8262662288734374495
17695223565709351212
7695277012348476394
8460155979843011865
8329279275989477224
4714735854190421244
2663970836478175846
3496521852553817685
13097679382367314267
6021892003942839597
3004298080328252411
3133300850200602548
4018400709219471058
2406466172988607756
9629008921216485002
13515166337748503120
6207086376223394409
4612937977267596579
5462444144056389519
16372738494800611155
18374970994564565382
1659714634071839296
329222255571280585
3855297569368381376
2856317025508715600
15510458919682325293
16467999833609708791
2462608546194592935
12474893211792434852
654956481654755395
3844021266622912275
17247245902071314433
657812973222418696
16243575466567620603
12992320207894926657
10719781105372570688
13465584565590903446
14038904673906022186
7193865401359263634
10362409021898371995
2749015404241935403
18226197615833217431
10253842789226582881
1896646079986774682
5650046138610672767
14869070628629897721
15960485677912787180
6050447228250053876
13575346577583949611
8192476196537468490
256035692585578184
15991514059844524718
9786410474835324618
13891156489878168459
12805291203623397511
2462608546194592797
1137400889936956716
3550991526090234196
1251353916605572387
5810416240181024675
17494187003774290193
9431986148095105364
10197662327196394122
17494187003774290178
9924649641422326554
6515991964283168518
7165537035766939268
2632322216232894122
9780764869076151190
635319626156509726
15481092049616673711
12805291203623397475
15011579953758765089
17527842693628875166
3910903905879807355
15939244180717099245
9138972401471289871
8242706230734135660
3834895405554557739
16813024695714615493
10139581642681967029
8707091836763219044
4003231050155273961
16923742168759632661
9282904975029654545
8494063418440260506
9623159718631172717
17453984503274243535
11857059964911641337
10830411818826846609
15404740087891405278
16246433765949254458
14207240610175138812
6648894220873789524
6050447228250053790
7269453917532316019
6322906798580513251
10525028571134864326
8707091836763219160
3676955850580259000
15721391936979254172
5560188226669004355
49208139996850465
470672108726723991
12310896159965393801
11615185291606164326
14943832488263130371
9606191809345260573
12199714181909880388
14547515201532523420
16626126199124035755
17631820318274100952
17437237537644099842
16933202653323082606
9957721722981048291
5848913007991161251
4314791422914273609
6697099749352661632
14347060776735498755
1581952757514951968
7069471908784378360
79580603948476921
4816461936963313251
8512666673860425357
7059603285068156595
2630770877887394371
14005609506103565981
3943790468376616188
9593701104621234588
3700730713911780589
4888331977945877524
17697457931642359111
3998152038724596999
12090246107548822393
14367619328814620334
9871521029830568674
3371750317248712206
8863394130535658863
3306788987209136541
1911507083643905944
11169797265221154159
14416389850722349852
8911439781749576008
3496521852553817746
8393844280491596760
8371593658331710982
9772770988963414404
4334157906108879940
405952447054793829
13482715577783132568
17483771506038332260
1911507083643905929
10882188987864011452
217138876760729188
8174250873100006743
11194533591097089876
3676955850580259018
8909546179795373636
16689921256655655324
1356286323576243400
3628351978580777420
14740341658103667412
6390437147741411349
13515166337748503290
18226197615833217403
5667101299317113725
17890254977163685538
15137941741156994629
2295151515257996442
1820126783752607938
9805205860435021233
18262265808616727088
14384451658882852808
329222255571280530
12992320207894926635
11507274835701083061
