64 268435456 16384 64
18096134694493402177
18096134694493402236
8717793832358877883
18096134694493402268
8717793832358877709
11620476826927802610
17572172237374904571
11620476826927802507
10349420230746404143
17572172237374904329
11972543240077426634
18096134694493402197
11233412047605155837
11620476826927802421
11620476826927802621
12516296854027292816
8717793832358877732
4868932537590052764
14161848653012958541
13186198845492064800
8966192433471414740
14247624102674210004
11233412047605155668
10349420230746404334
14253495365088374513
17572172237374904395
13186198845492064799
17572172237374904474
17710566628294100584
11620476826927802430
14161848653012958609
12458108145028152198
12330892094367084533
4911632751302443098
16701212273741620069
14253495365088374381
4322845214222993890
3353328989383405804
9099471491628878188
11620476826927802518
16318446739099830054
10349420230746404329
14161848653012958598
11233412047605155651
8032895376101714509
12458108145028152108
16755078543114176305
13715437061740480327
8352213726538343980
8352213726538344166
14253495365088374433
8032895376101714450
8966192433471414636
17572172237374904462
3353328989383405782
12516296854027292774
16383628317049254784
10165962547356072801
17572172237374904512
4073325901538622681
4052802911702518582
8717793832358877829
17205088956294836474
8499433942754921275
12458108145028152266
16383628317049254879
815729098217992564
15723151556318679645
16835797247767594297
18096134694493402245
2886081889342690202
11892144241579425516
3745686873838007829
11892144241579425413
9099471491628878324
6303263114365801452
16701212273741620074
11168399487135809467
8499433942754921220
4322845214222993918
16001552982432900701
15531179592761120955
16383628317049254796
7059874993776281150
11168399487135809378
10349420230746404137
16755078543114176439
11972543240077426594
16388434003016464607
12458109156337077657
17869832337681421906
6356490574119356694
4613975163678071976
11701711953643946235
2886081889342690106
17869832337681422001
4622606538059266050
4052802911702518669
14247624102674209869
4622606538059266087
11138346899486837202
14247624102674209984
16001552982432900753
4052802911702518599
4868932537590052785
6905419377466459550
3945046260405896053
6356490574119356860
6905419377466459436
3745686873838008041
4089483323052862615
16388434003016464403
7057731043201037066
5957679168490539225
10840750692040405194
6659858073111457365
6905419377466459643
3353328989383405630
11838206603725092420
3995787308589723858
18096134694493402158
17719581558942136885
16140182107954813443
15001100018903987584
14247624102674209994
12458108145028152307
16140182107954813540
4052802911702518537
4868932537590052623
16701212273741620102
3745686873838007912
4613975163678071983
11620476826927802441
15637241764694181511
14247624102674209965
10934681154344835167
3226303455961999241
9099471491628878157
3031771131397058900
16383628317049254676
5957679168490539065
18117132509500968728
11233412047605155813
3681780478560810706
16835797247767594256
12330892094367084435
5957679168490539207
3995787308589723760
12491215499588428211
2697191447867359556
5955904895437459775
4505384536569615297
349355741335969816
12330892094367084386
4328787370614428008
3680698468024020198
5089173861182386025
17080764094853471464
4705694571939134129
15723151556318679599
6659858073111457425
14253495365088374388
4505538912930547679
16152085592155455058
15666579105080543599
9094796024965485863
16152085592155455166
7057731043201037109
13009504513310367969
12330892094367084297
15666579105080543740
815729098217992621
15068178471151126374
17679262297134605858
11892144241579425476
11838206603725092595
8032895376101714506
17710566628294100650
5586686928521670564
12727858780374132307
16614007144788880508
10890980453260713735
815729098217992692
6659858073111457439
17569070906701356425
6659858073111457342
1775181801267755829
2697191447867359528
1056654065562205572
14930581161709732532
16318446739099830080
16435104272763707181
5166451496367502231
13883084610389480951
16835797247767594425
15876523481071676983
6901586933021972017
986810648830559452
1126503930337988612
6659858073111457289
4089483323052862512
16558582222238682164
9040826754099183109
5791794211629624354
12330892094367084381
4073325901538622666
11972543240077426545
17380160563788055529
13258916917604345781
17482702041292839968
15886110578859592682
11413030938199121665
15840332989780786588
11605849689014192933
9040826754099183273
4911632751302443184
12727858780374132437
10840750692040405033
15333708328647402504
10175409201573734712
10840750692040405052
16755078543114176407
4073325901538622717
16140182107954813596
986810648830559479
4640005146055222489
11970234196121189408
16701212273741620194
9663549363255589868
5166451496367502228
9094796024965485973
8913941821812748844
10997837503901440971
4705694571939134187
1126503930337988718
11925532012848503109
9640331436251168266
2886081889342690057
5072248438529188822
10332132360945487857
18117132509500968865
815729098217992521
8913941821812748841
8094589393996154397
14476990630284948567
11925532012848503235
5089173861182386009
12986290821439531704
12112359093163452155
18408517335416789037
16525259614177023881
15278443277276683708
16701212273741620081
13478275934221899427
10165962547356072905
13370313294212628486
8499433942754921460
2943525555324746369
17482702041292840012
15840332989780786493
12986290821439531601
17482702041292840151
2358963273410644246
10165962547356072750
11168399487135809333
11605849689014192920
11925532012848503081
17613494844606404284
16594647224465803512
14038892607187188739
3308146146580153092
5089173861182386051
17565569970393564176
8775073016458722661
17767742973189006795
349355741335969968
4525947191807140050
15666579105080543546
11742010166949667110
14354506185308265443
16558582222238682228
9835820127387869500
15083662509636001262
8548756745375833488
3811123873951859894
15666579105080543493
9374020092973360678
9040826754099183191
3116914928748322578
4911632751302443140
5090658460036485671
3308146146580153313
18408517335416789225
9099471491628878252
9663549363255589804
13090979129428889786
16388434003016464616
4622606538059266238
3839633635216469501
9862408263477805857
17601387280462047960
17380160563788055335
9640331436251168432
14426174574886604009
4047684926564877580
15062299313017985852
11605849689014193089
10165962547356072958
18117132509500968900
3308146146580153121
3945046260405895970
10349420230746404265
784981221449779044
8091405663907449415
9094796024965486028
9640331436251168322
15689433821787553400
2358963273410644345
4052802911702518670
17774178141386415575
9099386003874250215
16928572635450234174
4056583653062169939
2358963273410644242
14476990630284948623
15157908007175110174
17734065078953856364
18117132509500968729
4052802911702518668
5090658460036485665
4361056352959701164
14885276760814842298
15333708328647402678
9640331436251168323
6866767190710865910
5126480210462423467
3116914928748322568
11168399487135809360
1913620064099932707
12273013934093001851
6581712735205249152
15886110578859592540
16152085592155455136
12986290821439531551
14458603779554882683
11952634919929872276
18408517335416789209
5186856606925328390
8548756745375833584
11168399487135809285
158318367445561482
9017694624752530205
12054351251285453973
17613494844606404100
11389947279896571079
18152237493503454236
11838206603725092404
5955904895437459805
11620476826927802513
7485497247442075413
4668580904945014311
5090658460036485836
4613975163678071950
17205088956294836321
1056654065562205581
5862555764347499635
2221438553532948767
15026193563490633271
2886081889342690288
6581712735205249277
11892144241579425335
11701711953643946092
3654339504708206933
56628761108516680
17590542913203730396
6901586933021971983
4622606538059266060
16432107616482886978
16140182107954813465
7768428195452424498
10332132360945487726
1126503930337988621
9791759110582136367
16956901571848119701
14161848653012958487
16318446739099830103
56628761108516763
7074550741043621517
17825828227463006035
14038892607187188893
3257470597764625736
10165962547356072817
7059874993776281181
4760236698794563338
3353328989383405713
18375434130147332945
5586686928521670529
12608570582890298455
10375588237804182905
15835101322701775672
15338102008357969137
18408517335416789013
8946576288096708003
8352213726538344076
12564799230466453090
12458108145028152245
12215988072135208822
9229439258211149299
1913620064099932684
15066995728076756915
10088928631306500944
11605849689014193051
2036537995245751364
13370313294212628526
3116914928748322656
12808751451338605723
16152085592155455084
4505384536569615143
5955904895437459931
1862997390641466408
2440355164070642240
1959840606509957228
9960825097961248259
7074550741043621383
16388434003016464590
2554828912689367930
15066995728076756806
15068178471151126330
17865915254305581126
12808751451338605783
3945874238202059784
4505384536569615329
2685171728319178558
17590542913203730337
3680698468024020216
5602753617492871888
14561208497094508079
1782406907360572379
4705694571939134159
11912771579034157359
6992073840940304433
11395985701929279808
3945046260405895977
14336179158556917231
18096134694493402346
9374020092973360668
17869832337681421868
158318367445561368
10165962547356072829
17719581558942136953
7717545821957366823
5404347101518294290
5166358555028268793
16487205912408041015
12564799230466453174
109366255522024597
15531179592761120886
2735060086870692107
13362952145537586441
17572172237374904438
3945874238202059887
15062299313017985980
8596699682590900605
18117132509500968709
14923428497856955109
12112359093163452128
8966192433471414777
3675661485552569132
11737167940605084017
4056583653062169937
12202583888327385466
17590185955001489560
9892526723386312343
6158644781225828156
4760236698794563421
8352213726538343971
9229439258211149090
7577717673372059011
16140182107954813640
4622606538059266155
7291398578390218858
10077704865711319650
10501124679235382955
8548756745375833543
17122876438259713172
7057731043201037073
17570231690653443511
15619802280608477115
12458108145028152282
15083662509636001180
11912771579034157454
5838704859814569577
16810579479769279199
8913941821812748898
16295639644431322259
2259402862297388502
13885525898890470707
9892526723386312257
14930581161709732417
8032895376101714507
1056654065562205622
8435784190222792404
13856230725922235851
15411391781978360521
8966192433471414609
15770775208501459302
986810648830559422
1913620064099932903
9350393204197071353
15835101322701775784
10349420230746404295
8913941821812748862
4597316555136966374
128465142674204391
13682616811549735258
8983800748892485564
17774178141386415567
12330892094367084351
13781320433913218088
3675661485552569092
6356490574119356874
2023148922839131042
11395985701929279786
11838206603725092511
7057731043201037236
11437287852931204556
17080764094853471404
784981221449779007
3031771131397058943
12767122253446121332
12887341204599287166
349355741335969857
13861952928135169886
4668580904945014423
5637640689547928005
17452312734648602289
16140182107954813460
7132638693066079887
15113423711800506245
349355741335969802
11203220071065740211
7468418859112842051
13667528089529041589
13928038042977398531
3116914928748322758
11474099816293082255
15915698628646625024
9835820127387869610
17565569970393564360
13927204157327313804
3269654176912188634
15886110578859592693
12808751451338605821
6868300043534006564
2088995528267175504
2919795562914718383
1913620064099932757
14842120595141043105
17526568175013145729
14273657176458056738
12887341204599287103
5166451496367502110
9897093366551606416
8094589393996154391
7929018853512383232
17482702041292839979
10497745647606930937
10061545218797834558
468708510046868056
9813365580711327913
158318367445561405
15942002860240317288
18149611108376587483
10073781763576718607
3668896797823619104
16677479217469161507
1270127737453343690
18096134694493402290
2768484683191551859
13090979129428889610
5849623752289710739
1126503930337988678
14930581161709732528
8974733199866068655
11439483279940122808
7678840106456877085
14678628981282177875
6386176632940395876
3106350492781303564
9591056307024697055
3007853266655333827
18139691735260277334
3397896242727098236
2261383349411925218
13927204157327313826
10398759732602135209
12541359023781683644
16388434003016464628
18152237493503454235
4989356072386213124
18152237493503454249
11605849689014193146
17023912307468100274
6149687940840816432
811874063515416868
9099471491628878269
4771106840209621939
17710566628294100718
3499304828439990091
4771106840209621835
15062299313017985975
8499433942754921309
9892526723386312220
3945046260405896173
15942002860240317307
1775181801267755833
53476770248455266
4453553298978810206
3681780478560810605
8596699682590900629
16383628317049254896
10165962547356072897
5838704859814569640
10534336056032511993
2276463785675031905
2023148922839131000
4632018075317868283
16940053811727353948
159067788390514712
349355741335970015
1395033682331380270
10608017761594396057
11493785223119330787
14458603779554882662
1862997390641466547
3226303455961999346
8094589393996154529
4622606538059266205
17979916502027591839
3793246123857180909
10497745647606930925
11439483279940122782
11522826165972646612
18325951455951175392
8892910975662985286
13861952928135169821
15411391781978360353
2844058874440564510
11522826165972646618
10587636743757884621
14426174574886603841
3629103812192143061
2096428585395547625
12215988072135208886
17887702637312980753
2685171728319178665
3675661485552569215
8946576288096707987
1184488124572659344
3839633635216469280
5126480210462423430
4052802911702518652
15348915930901001621
10305937992229475813
4771106840209621848
14426174574886603870
8811231391722951722
12458108145028152132
12887341204599287274
7485497247442075500
2906440760087977708
5180622379342400459
12493234895995568485
5983793203752208480
15531179592761120863
4671302376750680824
8181089498848950034
482707243625515600
2084406259392324159
4322845214222993706
6766789383483365133
16487205912408041069
9960825097961248361
6901586933021971983
10088928631306500960
8352213726538344061
15976866223864766122
16956901571848119716
13183064646877107999
4089483323052862613
7839297343146975527
3499304828439990056
15531179592761120814
11203220071065740160
17526568175013145620
13781320433913218263
8983800748892485397
11168399487135809440
2886081889342690169
14854485705396142597
1232839257001292687
3793246123857180822
9813365580711327819
17972736314519487184
11389947279896571025
607246687881652318
16152275838063536432
5404347101518294511
7786928341478481158
6597810642273432020
6329944539112900406
6992949840157285707
16435104272763707203
16427048966002452025
16001552982432900623
2062273207434765282
9808540744916121737
6329944539112900488
3387678543504305839
16677479217469161517
6992073840940304513
11838206603725092388
5849623752289710635
607246687881652477
18393680646806699373
3588557630767300489
4301786064404522299
9103285537466881485
11413030938199121857
14159774875334839889
11187154563083204383
14923428497856954891
16730253955764686738
14298279500407486636
14463547817546472503
15876523481071677039
5089173861182386164
815729098217992680
7576051784315901281
2285691197320625728
7944926793562521389
5838704859814569501
14354506185308265390
11620476826927802412
4668580904945014444
11742010166949667156
10565893305141629831
11838206603725092439
5955904895437459936
2554828912689367918
18393680646806699515
13928038042977398578
18325951455951175337
12458108145028152109
11389947279896570897
1641521935853029072
8094589393996154609
3068704403730320351
9350393204197071202
7468418859112842075
4885896241634821574
6818134557838505562
7929018853512383443
17710566628294100616
15689433821787553499
1852358814873013947
7929018853512383313
14319688179866493012
3599909322167175159
15793895436734625222
7066846555115715536
9640331436251168298
7795509252333125513
8920034822223297188
4189303354283016354
18325951455951175279
17565569970393564370
3945874238202059787
12458108145028152076
12786915437369504734
7468418859112842225
11701711953643946004
16690765205590131977
3668896797823619286
2685171728319178557
4771106840209621932
5784288109467202073
9376516140049527029
16019773238360207577
11620476826927802407
964261381064271271
699646051400010390
3675661485552569169
10375588237804182997
12054351251285453917
14458603779554882787
12145643970412220742
16928572635450234315
656570620584834455
11892144241579425304
15031034166168402397
3178264702518978742
1232839257001292573
15608839023855540189
13513683259300949858
7468418859112842031
13191368708269594207
14744877868897035735
9663549363255589776
5166451496367502209
2505467456332089140
12887341204599287260
15411391781978360391
1782406907360572264
16152275838063536589
6717342894819294927
12727858780374132253
7429299743182339436
4453553298978810146
9229439258211149123
656570620584834477
16432107616482887089
16432107616482886932
2221438553532948989
8328088789897280179
16606714504730582120
10077704865711319799
17808424354934624533
6868300043534006626
9958203749147556820
11233412047605155724
3745686873838007853
18352903433885824505
11737167940605083997
109366255522024496
7066846555115715405
17226653231062358211
11912771579034157521
13186198845492064770
6992073840940304434
6866767190710865761
13664914976344001432
9892526723386312283
3154351340049766725
2062273207434765271
154800797890850549
1357535570553705833
17601387280462047894
10501124679235382795
154800797890850444
10934681154344835304
11846242338388209131
15915698628646625044
11566863286415182503
354067265567738637
8037396542346314588
349355741335969824
3387678543504305685
12145643970412220754
11759167305091811823
4317150198547797066
17380160563788055438
1131311698370626893
3156722500173935483
17122876438259713259
11614293041744226125
12360258093165069063
6870041317530329407
14678628981282177966
1711692350361443023
15637241764694181518
8435784190222792421
11233412047605155803
18152237493503454210
9099471491628878240
17080764094853471284
13667528089529041483
8611458659625576095
11909629304596968838
9861583647512080397
3106350492781303689
11325329615857156332
513169105608947715
10501124679235382818
7238093059865823691
5637640689547928004
10817856097137541245
8182914493200300680
16690765205590132120
8633147101069317537
946810314499565464
11438124670637078609
3654339504708206899
14336179158556917117
1397633640971050138
475576142352141037
5125513487062269873
11437287852931204495
16690765205590132050
8137541867207988372
5719935170982869049
3106350492781303634
5137823898731402785
13362952145537586596
7717545821957366857
6426928470441479732
8966192433471414611
5623405678932158036
13183064646877108142
5862555764347499691
3209432607657992632
1578300204247800161
10018789054280653888
6237324421039690549
4495355489402973205
8596699682590900592
16940053811727354070
9405521875652383490
12383111967462159685
15080076667517539074
11566863286415182446
5126480210462423331
12161302327284785334
8665886534317613092
16591094668043492283
14298279500407486531
16655635222829909471
15314404310571002350
17839343061885423644
16968209717713838782
13664914976344001311
15515978063809504860
18152237493503454283
8260124613298423654
12179007400520410676
2125784284116829697
14731589981396412288
11439483279940122670
4782914934480110048
12330892094367084444
8804468203709188802
10073781763576718674
13928038042977398595
13362952145537586643
14691878779741828063
4660034362140728911
4868932537590052809
2036537995245751501
5862555764347499734
9803629519227147977
4939070262978387203
10890980453260713763
2036537995245751417
15689433821787553301
5838704859814569568
9960825097961248301
14551490454956122865
1913620064099932700
4525947191807139925
14354506185308265229
12742886074141664431
708372580572741542
24780235649047875
7059874993776281107
5955904895437459767
4632018075317868134
6406285693765847981
12973450619054606623
13670893129966313790
13513683259300949991
8184107237800150428
5602753617492871898
16001552982432900631
1897138201542423661
16677479217469161594
16614007144788880614
16029152288711616333
9379290416844293518
7687334326273742299
2816758533291884219
16193498357839058232
1462838157050353216
53476770248455338
5720692613051810105
5354370890013464400
1184488124572659340
14769096028281854080
13186198845492064825
2031079390205369969
699646051400010317
2076027067497288734
2765414917754133603
15131311600982788898
2485203004539033406
13655429510864855515
2440355164070642335
14159774875334840023
13772715330558681667
6911501380022949850
18393680646806699301
